96
0 0.18 -0.48 0 0.29 0 -0.00116218 0.187689 -0.495204 0.00387427 0.312517 0.00496777 0.00116218 0.187689 -0.495204 -0.00387427 0.312517 -0.00496777 
0.00101481 0.184929 -0.46043 0.0222237 0.297852 0.0268886 0.00447664 0.15874 -0.433417 0.00617512 0.305332 -0.049399 -0.0109725 0.151914 -0.391911 0.0968687 0.1879 -0.099053 
0.00332596 0.189455 -0.440417 0.0436243 0.305316 0.0524175 0.00891887 0.129956 -0.372395 0.00812937 0.297253 -0.102222 -0.023041 0.127939 -0.305405 0.493592 0.077579 -0.488735 
0.00262792 0.198765 -0.485736 0.00955106 0.398239 0.107478 0.00936746 0.14339 -0.394618 -0.0444547 0.296221 -0.111673 -0.0118211 0.127559 -0.297496 0.560532 0.0160262 -0.520356 
0.00522785 0.206466 -0.529451 -0.0235031 0.489812 0.160311 0.00684928 0.155368 -0.41571 -0.0961736 0.295922 -0.120143 0.00145918 0.135427 -0.300226 0.620061 -0.0452496 -0.547286 
0.010703 0.212879 -0.571527 -0.05514 0.579548 0.210792 0.0018034 0.166135 -0.435764 -0.146736 0.296375 -0.12767 0.0162348 0.150736 -0.312708 0.674229 -0.106155 -0.571953 
0.0185982 0.218323 -0.611948 -0.0851051 0.667016 0.258905 -0.00532162 0.175952 -0.454858 -0.195915 0.297521 -0.134338 0.0319437 0.172644 -0.33405 0.722201 -0.166395 -0.59374 
0.0284578 0.223078 -0.650682 -0.113241 0.751787 0.304663 -0.0140944 0.185053 -0.47304 -0.243501 0.299247 -0.140245 0.0480606 0.200328 -0.363431 0.764603 -0.225481 -0.613378 
0.0398469 0.22737 -0.687687 -0.139469 0.833464 0.348102 -0.0241167 0.193629 -0.490333 -0.28931 0.301415 -0.145487 0.0641274 0.233015 -0.400137 0.802176 -0.282811 -0.631627 
0.0523612 0.231366 -0.722914 -0.163762 0.911674 0.38925 -0.0350285 0.201818 -0.506744 -0.333171 0.303883 -0.150148 0.0797652 0.270007 -0.443563 0.83572 -0.337736 -0.649242 
0.0656289 0.235181 -0.7563 -0.186128 0.986071 0.42812 -0.0465074 0.209708 -0.522266 -0.37492 0.306513 -0.154299 0.0946761 0.310673 -0.493202 0.866022 -0.389603 -0.666938 
0.079309 0.238884 -0.787772 -0.206591 1.05632 0.464695 -0.0582629 0.217337 -0.536879 -0.414397 0.309184 -0.157994 0.108639 0.354454 -0.548628 0.893836 -0.437791 -0.685371 
0.0930884 0.242505 -0.817245 -0.225182 1.12212 0.498929 -0.0700334 0.22471 -0.550557 -0.451437 0.311794 -0.161275 0.121501 0.400855 -0.609478 0.919869 -0.481733 -0.705139 
0.106678 0.246042 -0.844623 -0.241941 1.18316 0.530748 -0.0815802 0.231796 -0.563262 -0.485877 0.314262 -0.164172 0.133166 0.449449 -0.675445 0.944806 -0.520932 -0.726805 
0.119807 0.249472 -0.8698 -0.256904 1.23914 0.560047 -0.0926845 0.238543 -0.574952 -0.517552 0.316529 -0.166711 0.143583 0.499873 -0.746281 0.969333 -0.554959 -0.750919 
0.132228 0.252752 -0.892662 -0.270111 1.28981 0.586703 -0.103145 0.244877 -0.585577 -0.546297 0.318554 -0.168909 0.15274 0.551847 -0.821818 0.994182 -0.583463 -0.778066 
0.143706 0.255829 -0.913086 -0.281595 1.3349 0.610568 -0.112776 0.250715 -0.595082 -0.571947 0.320314 -0.170784 0.160648 0.605202 -0.902035 1.0202 -0.606152 -0.808935 
0.154024 0.25864 -0.930944 -0.29139 1.37415 0.631483 -0.121405 0.255965 -0.603406 -0.594341 0.3218 -0.172352 0.167334 0.659949 -0.987192 1.04847 -0.622777 -0.84446 
0.162978 0.261119 -0.946099 -0.299517 1.40732 0.64927 -0.128872 0.260529 -0.610481 -0.613311 0.323013 -0.173627 0.172831 0.71647 -1.0782 1.08057 -0.633069 -0.88613 
0.17037 0.263194 -0.95839 -0.305983 1.43411 0.663724 -0.135021 0.264307 -0.616229 -0.62867 0.323959 -0.174622 0.177166 0.776162 -1.17782 1.11937 -0.636544 -0.936979 
0.175978 0.264786 -0.967592 -0.310749 1.4541 0.674563 -0.139677 0.26718 -0.620538 -0.640151 0.324643 -0.175343 0.180337 0.845341 -1.29802 1.17375 -0.631349 -1.00728 
0.177405 0.265194 -0.969918 -0.311944 1.45914 0.677306 -0.140861 0.267912 -0.621628 -0.643051 0.324812 -0.175522 0.181128 0.87792 -1.35651 1.20418 -0.625606 -1.04577 
0.174096 0.263997 -0.963739 -0.304656 1.45273 0.673288 -0.139535 0.26377 -0.613054 -0.638621 0.319433 -0.179841 0.179432 0.822042 -1.25241 1.14074 -0.638612 -0.96401 
0.170774 0.262806 -0.957434 -0.297393 1.44611 0.669147 -0.138156 0.259593 -0.604391 -0.634166 0.314045 -0.184075 0.177687 0.788301 -1.18954 1.10246 -0.645533 -0.913343 
0.167437 0.261618 -0.950996 -0.290154 1.43925 0.664874 -0.136721 0.25538 -0.595636 -0.62968 0.308648 -0.188218 0.175891 0.761299 -1.13926 1.07174 -0.650572 -0.872143 
0.164083 0.260433 -0.944416 -0.282937 1.43216 0.66046 -0.135225 0.251131 -0.586788 -0.625159 0.303241 -0.192264 0.174039 0.73789 -1.09571 1.04503 -0.654574 -0.836028 
0.160713 0.259249 -0.937687 -0.275746 1.42479 0.655896 -0.133667 0.246844 -0.577844 -0.620595 0.297826 -0.196205 0.172129 0.71677 -1.05647 1.02087 -0.657882 -0.803192 
0.157325 0.258065 -0.930801 -0.26858 1.41715 0.651175 -0.132043 0.24252 -0.568804 -0.615982 0.292402 -0.200035 0.170157 0.697244 -1.02025 0.998493 -0.660666 -0.772688 
0.153918 0.25688 -0.923751 -0.261444 1.40921 0.646286 -0.130351 0.238158 -0.559666 -0.611315 0.286972 -0.203744 0.168121 0.678894 -0.98627 0.977427 -0.663025 -0.743947 
0.150494 0.255692 -0.916529 -0.254338 1.40094 0.641221 -0.128588 0.233759 -0.55043 -0.606585 0.281535 -0.207324 0.166015 0.66144 -0.954028 0.95737 -0.665017 -0.716597 
0.147051 0.254501 -0.909129 -0.247265 1.39234 0.635969 -0.126751 0.229321 -0.541095 -0.601785 0.276093 -0.210767 0.163837 0.644687 -0.923161 0.938108 -0.666673 -0.690381 
0.14359 0.253304 -0.90154 -0.240229 1.38338 0.630521 -0.124837 0.224845 -0.531659 -0.596907 0.270646 -0.214062 0.161582 0.628489 -0.893406 0.919483 -0.668015 -0.665112 
0.140111 0.252102 -0.893756 -0.23323 1.37403 0.624865 -0.122844 0.220332 -0.522122 -0.591943 0.265196 -0.217198 0.159245 0.612735 -0.864565 0.901371 -0.669049 -0.640649 
0.136612 0.250891 -0.885768 -0.226272 1.36427 0.618991 -0.120767 0.215781 -0.512483 -0.586883 0.259743 -0.220166 0.156823 0.597338 -0.836481 0.883675 -0.669778 -0.616884 
0.133095 0.249672 -0.877566 -0.219357 1.35408 0.612887 -0.118604 0.211193 -0.502743 -0.581718 0.254289 -0.222954 0.15431 0.582226 -0.809032 0.866314 -0.670196 -0.59373 
0.129559 0.248443 -0.869143 -0.212487 1.34343 0.60654 -0.116351 0.206568 -0.492899 -0.576438 0.248833 -0.225551 0.151701 0.567341 -0.782117 0.849218 -0.670293 -0.571118 
0.126004 0.247202 -0.860487 -0.205663 1.3323 0.599937 -0.114006 0.201906 -0.482952 -0.571032 0.243377 -0.227942 0.148991 0.552634 -0.755656 0.832328 -0.670057 -0.548991 
0.122431 0.245948 -0.85159 -0.198888 1.32065 0.593067 -0.111566 0.197209 -0.472902 -0.565489 0.237921 -0.230117 0.146173 0.538064 -0.72958 0.815589 -0.669471 -0.527298 
0.118838 0.24468 -0.842442 -0.192163 1.30845 0.585915 -0.109026 0.192477 -0.462746 -0.559798 0.232466 -0.232062 0.143243 0.523594 -0.703835 0.798949 -0.668516 -0.506 
0.115227 0.243396 -0.833031 -0.18549 1.29568 0.578468 -0.106384 0.187711 -0.452486 -0.553945 0.227011 -0.233762 0.140192 0.509196 -0.678374 0.782362 -0.667172 -0.485059 
0.111598 0.242095 -0.823348 -0.178868 1.2823 0.570712 -0.103637 0.182912 -0.44212 -0.547919 0.221557 -0.235203 0.137016 0.494842 -0.653159 0.765781 -0.665413 -0.464443 
0.107951 0.240776 -0.813381 -0.172299 1.26827 0.562633 -0.100782 0.178081 -0.431649 -0.541705 0.216105 -0.23637 0.133707 0.480509 -0.62816 0.749161 -0.663215 -0.444123 
0.104287 0.239438 -0.803118 -0.165782 1.25357 0.554215 -0.0978161 0.17322 -0.421071 -0.535291 0.210653 -0.237248 0.130257 0.46618 -0.603354 0.732456 -0.66055 -0.42407 
0.100607 0.238078 -0.792549 -0.159316 1.23815 0.545445 -0.0947378 0.168329 -0.410385 -0.528661 0.205201 -0.237821 0.126661 0.451838 -0.578721 0.715621 -0.657389 -0.404259 
0.096913 0.236696 -0.781661 -0.152902 1.22198 0.536309 -0.0915448 0.163409 -0.399592 -0.5218 0.199748 -0.238072 0.122909 0.43747 -0.554251 0.698609 -0.653704 -0.384665 
0.0932061 0.23529 -0.770441 -0.146538 1.20502 0.526792 -0.0882355 0.158464 -0.38869 -0.514695 0.194293 -0.237984 0.118995 0.423068 -0.529935 0.681372 -0.649461 -0.365263 
0.0894889 0.233858 -0.758877 -0.140222 1.18722 0.51688 -0.0848093 0.153493 -0.377678 -0.507328 0.188835 -0.237541 0.11491 0.408624 -0.505774 0.663858 -0.644631 -0.346026 
0.0857644 0.2324 -0.746955 -0.133951 1.16856 0.50656 -0.0812658 0.148498 -0.366556 -0.499685 0.183373 -0.236725 0.110648 0.394135 -0.481771 0.646015 -0.63918 -0.326928 
0.0820361 0.230913 -0.734663 -0.127722 1.14898 0.495818 -0.0776056 0.143481 -0.355322 -0.491748 0.177904 -0.235518 0.106199 0.379601 -0.457935 0.627787 -0.633075 -0.307941 
0.0783085 0.229396 -0.721985 -0.121533 1.12845 0.484643 -0.0738303 0.138442 -0.343974 -0.483501 0.172425 -0.233903 0.101558 0.365026 -0.434281 0.609115 -0.626285 -0.289036 
0.074587 0.227847 -0.708909 -0.11538 1.10692 0.473024 -0.0699425 0.133383 -0.332511 -0.474928 0.166935 -0.231862 0.0967177 0.350418 -0.410829 0.589935 -0.618777 -0.27018 
0.0708779 0.226263 -0.695419 -0.109259 1.08434 0.460949 -0.065946 0.128304 -0.320931 -0.466012 0.161431 -0.229376 0.0916709 0.335787 -0.387606 0.57018 -0.61052 -0.251337 
0.0671888 0.224643 -0.6815 -0.103166 1.06068 0.448411 -0.061846 0.123206 -0.309229 -0.456737 0.155908 -0.226429 0.0864129 0.32115 -0.364643 0.549779 -0.601486 -0.232467 
0.0635286 0.222983 -0.667137 -0.097097 1.03589 0.435403 -0.0576492 0.118088 -0.297405 -0.447085 0.150365 -0.223002 0.0809393 0.306528 -0.341976 0.528654 -0.591646 -0.213527 
0.0599074 0.22128 -0.652314 -0.0910474 1.00993 0.42192 -0.0533641 0.11295 -0.285452 -0.43704 0.144796 -0.219079 0.0752473 0.291945 -0.31965 0.506721 -0.580975 -0.194466 
0.0563371 0.219532 -0.637015 -0.0850139 0.982747 0.407958 -0.0490009 0.107792 -0.273368 -0.426587 0.139197 -0.214644 0.0693362 0.277431 -0.297712 0.483893 -0.569453 -0.175229 
0.0528309 0.217733 -0.621222 -0.0789935 0.954311 0.393517 -0.0445719 0.10261 -0.261146 -0.415709 0.133565 -0.20968 0.0632071 0.263023 -0.276217 0.46007 -0.557061 -0.155753 
0.0494039 0.21588 -0.604919 -0.0729843 0.924575 0.3786 -0.0400915 0.0974029 -0.248779 -0.404392 0.127894 -0.204172 0.0568642 0.248761 -0.255223 0.43515 -0.543787 -0.135965 
0.0460729 0.213967 -0.588087 -0.0669854 0.8935 0.363212 -0.0355766 0.0921665 -0.236262 -0.392621 0.12218 -0.198108 0.0503146 0.234693 -0.234794 0.409017 -0.529623 -0.115784 
0.0428562 0.21199 -0.570708 -0.0609981 0.861047 0.347363 -0.031046 0.0868966 -0.223585 -0.380383 0.116417 -0.191473 0.0435693 0.220869 -0.214999 0.381548 -0.514569 -0.0951162 
0.0397742 0.209941 -0.552764 -0.0550256 0.827178 0.331066 -0.0265213 0.0815879 -0.210738 -0.367665 0.1106 -0.184258 0.0366432 0.207348 -0.195907 0.352605 -0.498629 -0.0738543 
0.0368483 0.207814 -0.534234 -0.049074 0.79186 0.314338 -0.0220262 0.0762343 -0.19771 -0.354456 0.104723 -0.176452 0.0295565 0.194193 -0.177594 0.322039 -0.481818 -0.0518754 
0.0341017 0.205602 -0.515099 -0.0431526 0.755057 0.297203 -0.0175868 0.0708289 -0.184488 -0.340745 0.0987794 -0.168049 0.0223341 0.181469 -0.160131 0.289682 -0.464158 -0.0290371 
0.0315584 0.2033 -0.495338 -0.0372748 0.716739 0.279688 -0.0132313 0.0653643 -0.171057 -0.326523 0.0927623 -0.159043 0.015007 0.169248 -0.143592 0.255346 -0.445682 -0.00517435 
0.0292427 0.2009 -0.47493 -0.0314583 0.676876 0.261828 -0.00898955 0.059833 -0.157402 -0.311785 0.086664 -0.149432 0.00761177 0.157601 -0.128046 0.21882 -0.426431 0.0199058 
0.0271791 0.198397 -0.453854 -0.0257259 0.63544 0.243663 -0.00489288 0.0542279 -0.143504 -0.296523 0.0804759 -0.139215 0.000191514 0.146603 -0.113556 0.179862 -0.406458 0.0464306 
0.0253911 0.195789 -0.432089 -0.0201058 0.592404 0.225242 -0.000973288 0.0485428 -0.129342 -0.280736 0.0741881 -0.128397 -0.00720472 0.136327 -0.100175 0.138189 -0.385832 0.07467 
0.0239001 0.193074 -0.409613 -0.0146321 0.547745 0.20662 0.00273726 0.0427739 -0.114895 -0.264421 0.067789 -0.116984 -0.0145219 0.126841 -0.0879434 0.0934718 -0.36463 0.104947 
0.0227246 0.190258 -0.386407 -0.00934431 0.501437 0.187861 0.00620783 0.0369201 -0.100139 -0.247583 0.061265 -0.104988 -0.0216998 0.118209 -0.076884 0.0453162 -0.342951 0.137654 
0.021878 0.187349 -0.362452 -0.0042878 0.453456 0.169038 0.00940978 0.0309854 -0.0850498 -0.230225 0.0546003 -0.0924239 -0.0286736 0.110485 -0.0669962 -0.00675124 -0.320907 0.173264 
0.021368 0.184366 -0.33773 0.000487596 0.40378 0.150234 0.0123181 0.0249805 -0.0696 -0.212356 0.0477761 -0.0793135 -0.0353749 0.10371 -0.0582508 -0.0633047 -0.298634 0.21236 
0.0211935 0.181336 -0.31223 0.0049287 0.352385 0.131538 0.0149132 0.0189245 -0.0537639 -0.193989 0.0407704 -0.0656833 -0.0417337 0.0979076 -0.0505837 -0.125042 -0.276293 0.255651 
0.0213439 0.178302 -0.285944 0.00898125 0.299248 0.113051 0.0171824 0.0128481 -0.0375159 -0.175144 0.0335578 -0.0515663 -0.0476795 0.0930814 -0.0438902 -0.192807 -0.254073 0.303996 
0.0217964 0.17532 -0.258872 0.012593 0.244347 0.0948765 0.0191221 0.00679555 -0.0208327 -0.155843 0.0261089 -0.0370028 -0.0531436 0.0892097 -0.0380179 -0.267597 -0.232196 0.358416 
0.0225148 0.172465 -0.231024 0.0157181 0.187661 0.0771275 0.0207391 0.000827925 -0.00369544 -0.136119 0.0183909 -0.0220405 -0.0580606 0.0862425 -0.0327628 -0.350552 -0.210916 0.420073 
0.0234488 0.169834 -0.20242 0.018322 0.129173 0.0599167 0.022052 -0.00497488 0.0139088 -0.116011 0.0103675 -0.00673557 -0.0623705 0.0840998 -0.0278657 -0.442874 -0.190523 0.490203 
0.0286158 0.169826 -0.167711 0.0152564 0.101697 0.0617756 0.020728 -0.0226852 0.0703346 -0.135188 -0.0334024 0.00663745 -0.0693612 0.0885978 0.00525592 -0.411048 -0.231479 0.463999 
0.0350616 0.170892 -0.129456 0.0120679 0.0705467 0.0640998 0.0180977 -0.0415065 0.132764 -0.156887 -0.0825942 0.0212065 -0.0773623 0.0974773 0.0390832 -0.38907 -0.278833 0.447686 
0.0429574 0.173461 -0.0882544 0.00887157 0.0357642 0.0669505 0.0137474 -0.0608791 0.200424 -0.181094 -0.136943 0.0367105 -0.0863096 0.112072 0.0720084 -0.374901 -0.332391 0.438815 
0.0524632 0.178013 -0.0448631 0.00579955 -0.00256845 0.0703714 0.0072379 -0.0801545 0.272375 -0.207804 -0.196101 0.052859 -0.0960953 0.133707 0.102173 -0.366983 -0.391668 0.435331 
0.063728 0.185056 -0.000168521 0.00299619 -0.0443499 0.0743737 -0.00188567 -0.098629 0.347569 -0.237052 -0.259678 0.0693626 -0.106582 0.16359 0.127524 -0.36426 -0.455822 0.435624 
0.0768879 0.195111 0.0448243 0.000612131 -0.0894584 0.0789161 -0.0140841 -0.115575 0.424877 -0.268923 -0.327249 0.0859599 -0.117616 0.202663 0.145882 -0.366148 -0.523554 0.438529 
0.0920585 0.208675 0.0889964 -0.0012065 -0.137734 0.0838795 -0.029807 -0.130273 0.503105 -0.303551 -0.398344 0.102441 -0.129045 0.251428 0.155031 -0.37247 -0.592999 0.443317 
0.109314 0.226169 0.131127 -0.00233628 -0.188952 0.0890411 -0.0494618 -0.142057 0.580991 -0.341086 -0.47241 0.118667 -0.140732 0.309755 0.152895 -0.383368 -0.661684 0.449669 
0.128657 0.24788 0.169933 -0.00270162 -0.242787 0.0940533 -0.0733624 -0.15037 0.657222 -0.38165 -0.548784 0.134592 -0.152565 0.376749 0.137774 -0.399207 -0.726611 0.457653 
0.149973 0.273886 0.204152 -0.00230174 -0.2988 0.0984399 -0.101665 -0.154816 0.730493 -0.425284 -0.626671 0.15027 -0.16446 0.450746 0.108624 -0.420464 -0.784555 0.46768 
0.173004 0.304009 0.232665 -0.00122937 -0.356433 0.101617 -0.134306 -0.155212 0.799592 -0.471894 -0.705165 0.165858 -0.176364 0.529515 0.0652605 -0.447634 -0.832519 0.48045 
0.197339 0.3378 0.254629 0.000329019 -0.415039 0.102947 -0.170969 -0.151605 0.86351 -0.521228 -0.783303 0.181595 -0.188237 0.610638 0.00838256 -0.481183 -0.86824 0.496883 
0.222451 0.374587 0.269586 0.00211528 -0.473943 0.101806 -0.211105 -0.144256 0.921544 -0.572886 -0.860148 0.19777 -0.200038 0.691935 -0.0606379 -0.521561 -0.890535 0.518064 
0.247762 0.413551 0.277498 0.00383745 -0.532493 0.0976597 -0.253998 -0.133583 0.973331 -0.626356 -0.934874 0.214681 -0.211709 0.771789 -0.140134 -0.569274 -0.89937 0.545227 
0.272722 0.453833 0.278699 0.00520969 -0.590112 0.09012 -0.298858 -0.120098 1.01884 -0.681067 -1.00682 0.232596 -0.223164 0.849308 -0.228567 -0.624992 -0.895694 0.579788 
0.296867 0.494615 0.27381 0.00598259 -0.646317 0.0789701 -0.344901 -0.104347 1.05829 -0.736429 -1.07551 0.251732 -0.234288 0.924331 -0.324887 -0.689669 -0.881161 0.623432 
0.319849 0.535175 0.263621 0.00595943 -0.700714 0.0641724 -0.39141 -0.0868628 1.09207 -0.791858 -1.14062 0.272233 -0.244944 0.997388 -0.42882 -0.764686 -0.857881 0.678266 
0.341439 0.574905 0.249003 0.00500081 -0.75298 0.0458595 -0.437759 -0.0681467 1.12068 -0.846788 -1.20198 0.294166 -0.254984 1.06971 -0.541179 -0.852022 -0.828272 0.747033 
0.361508 0.613315 0.23084 0.00302337 -0.802833 0.0243217 -0.483403 -0.0486571 1.14464 -0.900665 -1.25948 0.317504 -0.264262 1.14341 -0.664412 -0.954524 -0.795032 0.833511 
0.38 0.65 0.21 0 -0.85 0 -0.527848 -0.0288182 1.16444 -0.952929 -1.31305 0.342119 -0.272648 1.22228 -0.804083 -1.07655 -0.761231 0.943446 
