180
0.01 0.66 -0.92 0 0.29 0 0.26018 -0.106253 0.0485152 1.73479 -0.253422 -1.76992 -0.274494 -0.0556799 0.00153614 -1.70184 -0.286787 1.73772 
0.0114453 0.659961 -0.915586 0 0.285547 0 0.260385 -0.111316 0.0571373 1.72215 -0.251648 -1.75671 -0.276732 -0.0533501 0.00335665 -1.68638 -0.289933 1.72171 
0.0128906 0.659922 -0.911172 0 0.281094 0 0.260572 -0.116362 0.0657262 1.70939 -0.2499 -1.74339 -0.278944 -0.0509814 0.00513942 -1.67127 -0.293123 1.70604 
0.0143359 0.659883 -0.906758 0 0.276641 0 0.260742 -0.12139 0.0742823 1.69652 -0.248178 -1.72997 -0.281131 -0.048574 0.00688438 -1.65651 -0.296355 1.69071 
0.0157813 0.659844 -0.902344 0 0.272187 0 0.260894 -0.1264 0.0828062 1.68353 -0.246484 -1.71643 -0.283292 -0.0461281 0.00859148 -1.6421 -0.299626 1.6757 
0.0172266 0.659805 -0.89793 0 0.267734 0 0.261029 -0.131394 0.0912981 1.67042 -0.244817 -1.70279 -0.285427 -0.0436438 0.0102607 -1.62803 -0.302934 1.66102 
0.0186719 0.659766 -0.893516 0 0.263281 0 0.261146 -0.136371 0.0997587 1.6572 -0.243176 -1.68903 -0.287537 -0.0411214 0.0118919 -1.61428 -0.306277 1.64664 
0.0201172 0.659727 -0.889102 0 0.258828 0 0.261245 -0.141332 0.108188 1.64385 -0.241563 -1.67515 -0.289622 -0.0385611 0.013485 -1.60086 -0.309654 1.63258 
0.0215625 0.659687 -0.884688 0 0.254375 0 0.261325 -0.146276 0.116587 1.63038 -0.239977 -1.66117 -0.291681 -0.0359631 0.0150401 -1.58775 -0.313061 1.61881 
0.0230078 0.659648 -0.880273 0 0.249922 0 0.261387 -0.151204 0.124956 1.6168 -0.238418 -1.64706 -0.293715 -0.0333277 0.0165571 -1.57494 -0.316498 1.60533 
0.0244531 0.659609 -0.875859 0 0.245469 0 0.261431 -0.156115 0.133294 1.60309 -0.236886 -1.63285 -0.295724 -0.0306549 0.0180358 -1.56244 -0.319961 1.59214 
0.0258984 0.65957 -0.871445 0 0.241016 0 0.261456 -0.161011 0.141603 1.58925 -0.235382 -1.61851 -0.297708 -0.0279452 0.0194763 -1.55022 -0.323451 1.57922 
0.0273438 0.659531 -0.867031 0 0.236562 0 0.261462 -0.165891 0.149883 1.5753 -0.233905 -1.60405 -0.299667 -0.0251986 0.0208785 -1.53829 -0.326964 1.56657 
0.0287891 0.659492 -0.862617 0 0.232109 0 0.261449 -0.170756 0.158134 1.56121 -0.232456 -1.58948 -0.3016 -0.0224155 0.0222424 -1.52663 -0.330499 1.55418 
0.0302344 0.659453 -0.858203 0 0.227656 0 0.261416 -0.175605 0.166356 1.547 -0.231036 -1.57479 -0.303509 -0.019596 0.0235679 -1.51525 -0.334054 1.54205 
0.0316797 0.659414 -0.853789 0 0.223203 0 0.261364 -0.180439 0.17455 1.53267 -0.229643 -1.55997 -0.305393 -0.0167403 0.0248549 -1.50412 -0.337629 1.53016 
0.033125 0.659375 -0.849375 0 0.21875 0 0.261293 -0.185258 0.182716 1.5182 -0.228278 -1.54504 -0.307252 -0.0138488 0.0261034 -1.49325 -0.341221 1.51852 
0.0345703 0.659336 -0.844961 0 0.214297 0 0.261201 -0.190062 0.190854 1.50361 -0.226943 -1.52998 -0.309087 -0.0109216 0.0273135 -1.48263 -0.34483 1.50711 
0.0360156 0.659297 -0.840547 0 0.209844 0 0.26109 -0.194851 0.198965 1.48889 -0.225636 -1.5148 -0.310897 -0.00795892 0.0284849 -1.47225 -0.348453 1.49593 
0.0374609 0.659258 -0.836133 0 0.205391 0 0.260958 -0.199625 0.207049 1.47403 -0.224358 -1.4995 -0.312682 -0.00496107 0.0296177 -1.46211 -0.35209 1.48496 
0.0389063 0.659219 -0.831719 0 0.200937 0 0.260806 -0.204384 0.215106 1.45905 -0.223109 -1.48407 -0.314443 -0.00192826 0.0307119 -1.45219 -0.355738 1.47422 
0.0403516 0.65918 -0.827305 0 0.196484 0 0.260633 -0.209129 0.223136 1.44394 -0.22189 -1.46852 -0.31618 0.00113927 0.0317674 -1.4425 -0.359398 1.46368 
0.0417969 0.659141 -0.822891 0 0.192031 0 0.260439 -0.21386 0.23114 1.4287 -0.220701 -1.45284 -0.317892 0.00424129 0.0327841 -1.43302 -0.363068 1.45335 
0.0432422 0.659102 -0.818477 0 0.187578 0 0.260225 -0.218576 0.239118 1.41332 -0.219541 -1.43705 -0.31958 0.00737753 0.0337621 -1.42375 -0.366747 1.44322 
0.0446875 0.659062 -0.814063 0 0.183125 0 0.259989 -0.223278 0.247069 1.39781 -0.218413 -1.42112 -0.321244 0.0105478 0.0347012 -1.41469 -0.370433 1.43328 
0.0461328 0.659023 -0.809648 0 0.178672 0 0.259732 -0.227966 0.254995 1.38218 -0.217315 -1.40507 -0.322884 0.0137517 0.0356016 -1.40583 -0.374126 1.42353 
0.0475781 0.658984 -0.805234 0 0.174219 0 0.259454 -0.232639 0.262896 1.36641 -0.216248 -1.3889 -0.3245 0.0169892 0.036463 -1.39716 -0.377824 1.41396 
0.0490234 0.658945 -0.80082 0 0.169766 0 0.259153 -0.237299 0.270771 1.35051 -0.215213 -1.37261 -0.326093 0.0202599 0.0372855 -1.38868 -0.381528 1.40456 
0.0504688 0.658906 -0.796406 0 0.165312 0 0.258831 -0.241944 0.278622 1.33448 -0.214209 -1.35619 -0.327661 0.0235636 0.0380691 -1.38039 -0.385234 1.39534 
0.0519141 0.658867 -0.791992 0 0.160859 0 0.258486 -0.246576 0.286447 1.31832 -0.213238 -1.33964 -0.329206 0.0269001 0.0388138 -1.37227 -0.388944 1.38629 
0.0533594 0.658828 -0.787578 0 0.156406 0 0.258119 -0.251193 0.294248 1.30203 -0.212299 -1.32298 -0.330728 0.030269 0.0395194 -1.36433 -0.392656 1.3774 
0.0548047 0.658789 -0.783164 0 0.151953 0 0.25773 -0.255797 0.302024 1.28561 -0.211394 -1.30619 -0.332226 0.0336702 0.040186 -1.35656 -0.396369 1.36867 
0.05625 0.65875 -0.77875 0 0.1475 0 0.257318 -0.260387 0.309775 1.26906 -0.210522 -1.28928 -0.333701 0.0371033 0.0408136 -1.34895 -0.400082 1.36009 
0.0576953 0.658711 -0.774336 0 0.143047 0 0.256883 -0.264963 0.317503 1.25238 -0.209684 -1.27225 -0.335153 0.0405682 0.0414021 -1.34151 -0.403795 1.35167 
0.0591406 0.658672 -0.769922 0 0.138594 0 0.256424 -0.269526 0.325206 1.23558 -0.20888 -1.2551 -0.336581 0.0440644 0.0419515 -1.33422 -0.407507 1.34339 
0.0605859 0.658633 -0.765508 0 0.134141 0 0.255942 -0.274074 0.332886 1.21865 -0.208111 -1.23783 -0.337987 0.0475919 0.0424619 -1.32708 -0.411217 1.33525 
0.0620312 0.658594 -0.761094 0 0.129687 0 0.255437 -0.278609 0.340542 1.20159 -0.207377 -1.22045 -0.33937 0.0511503 0.0429331 -1.32009 -0.414924 1.32725 
0.0634766 0.658555 -0.75668 0 0.125234 0 0.254908 -0.28313 0.348174 1.18442 -0.20668 -1.20295 -0.34073 0.0547394 0.0433651 -1.31325 -0.418628 1.31939 
0.0649219 0.658516 -0.752266 0 0.120781 0 0.254354 -0.287638 0.355783 1.16712 -0.206018 -1.18534 -0.342067 0.0583589 0.043758 -1.30655 -0.422328 1.31166 
0.0663672 0.658477 -0.747852 0 0.116328 0 0.253777 -0.292131 0.363368 1.1497 -0.205394 -1.16762 -0.343382 0.0620084 0.0441118 -1.29999 -0.426024 1.30406 
0.0678125 0.658438 -0.743438 0 0.111875 0 0.253175 -0.296611 0.370931 1.13217 -0.204806 -1.14979 -0.344674 0.0656879 0.0444263 -1.29356 -0.429714 1.29658 
0.0692578 0.658398 -0.739023 0 0.107422 0 0.252548 -0.301078 0.37847 1.11452 -0.204257 -1.13185 -0.345944 0.0693969 0.0447017 -1.28726 -0.433399 1.28923 
0.0707031 0.658359 -0.734609 0 0.102969 0 0.251897 -0.30553 0.385986 1.09676 -0.203746 -1.11381 -0.347192 0.0731353 0.0449379 -1.28108 -0.437077 1.28199 
0.0721484 0.65832 -0.730195 0 0.0985156 0 0.25122 -0.309969 0.393479 1.07889 -0.203274 -1.09567 -0.348417 0.0769027 0.0451349 -1.27504 -0.440749 1.27487 
0.0735937 0.658281 -0.725781 0 0.0940625 0 0.250518 -0.314393 0.40095 1.06092 -0.202842 -1.07742 -0.349621 0.080699 0.0452926 -1.26911 -0.444413 1.26787 
0.0750391 0.658242 -0.721367 0 0.0896094 0 0.249791 -0.318804 0.408398 1.04284 -0.20245 -1.05908 -0.350803 0.0845237 0.0454112 -1.2633 -0.44807 1.26097 
0.0764844 0.658203 -0.716953 0 0.0851562 0 0.249037 -0.323201 0.415823 1.02466 -0.202098 -1.04065 -0.351963 0.0883766 0.0454905 -1.25761 -0.451718 1.25418 
0.0779297 0.658164 -0.712539 0 0.0807031 0 0.248258 -0.327584 0.423225 1.00638 -0.201788 -1.02214 -0.353101 0.0922576 0.0455307 -1.25203 -0.455357 1.2475 
0.079375 0.658125 -0.708125 0 0.07625 0 0.247453 -0.331953 0.430606 0.988004 -0.20152 -1.00353 -0.354218 0.0961662 0.0455316 -1.24656 -0.458987 1.24092 
0.0808203 0.658086 -0.703711 0 0.0717969 0 0.246621 -0.336307 0.437964 0.969542 -0.201295 -0.984846 -0.355313 0.100102 0.0454933 -1.2412 -0.462608 1.23444 
0.0822656 0.658047 -0.699297 0 0.0673437 0 0.245762 -0.340648 0.445299 0.950993 -0.201112 -0.966084 -0.356387 0.104065 0.0454158 -1.23594 -0.466218 1.22806 
0.0837109 0.658008 -0.694883 0 0.0628906 0 0.244877 -0.344974 0.452612 0.932363 -0.200973 -0.947248 -0.35744 0.108055 0.0452991 -1.23079 -0.469817 1.22178 
0.0851563 0.657969 -0.690469 0 0.0584375 0 0.243964 -0.349286 0.459904 0.913655 -0.200879 -0.928344 -0.358472 0.112072 0.0451432 -1.22573 -0.473405 1.21559 
0.0866016 0.65793 -0.686055 0 0.0539844 0 0.243024 -0.353583 0.467173 0.894874 -0.20083 -0.909377 -0.359483 0.116115 0.0449481 -1.22077 -0.476982 1.20949 
0.0880469 0.657891 -0.681641 0 0.0495312 0 0.242057 -0.357866 0.47442 0.876025 -0.200826 -0.89035 -0.360473 0.120184 0.0447138 -1.21591 -0.480547 1.20348 
0.0894922 0.657852 -0.677227 0 0.0450781 0 0.241062 -0.362134 0.481644 0.857113 -0.200868 -0.871269 -0.361442 0.124279 0.0444404 -1.21115 -0.4841 1.19756 
0.0909375 0.657812 -0.672813 0 0.040625 0 0.240038 -0.366387 0.488847 0.838143 -0.200958 -0.85214 -0.36239 0.128399 0.0441278 -1.20647 -0.487641 1.19172 
0.0923828 0.657773 -0.668398 0 0.0361719 0 0.238987 -0.370626 0.496028 0.81912 -0.201095 -0.832967 -0.363319 0.132545 0.0437761 -1.20188 -0.491168 1.18597 
0.0938281 0.657734 -0.663984 0 0.0317187 0 0.237907 -0.374849 0.503187 0.800049 -0.20128 -0.813757 -0.364226 0.136715 0.0433853 -1.19738 -0.494682 1.1803 
0.0952734 0.657695 -0.65957 0 0.0272656 0 0.236798 -0.379057 0.510325 0.780937 -0.201513 -0.794514 -0.365114 0.14091 0.0429554 -1.19297 -0.498183 1.17472 
0.0967188 0.657656 -0.655156 0 0.0228125 0 0.235661 -0.38325 0.51744 0.761788 -0.201796 -0.775246 -0.365981 0.14513 0.0424864 -1.18864 -0.50167 1.16921 
0.0981641 0.657617 -0.650742 0 0.0183594 0 0.234494 -0.387427 0.524533 0.74261 -0.202129 -0.755956 -0.366828 0.149373 0.0419783 -1.18439 -0.505142 1.16378 
0.0996094 0.657578 -0.646328 0 0.0139062 0 0.233298 -0.391589 0.531605 0.723407 -0.202512 -0.736653 -0.367655 0.15364 0.0414312 -1.18022 -0.5086 1.15842 
0.101055 0.657539 -0.641914 0 0.00945312 0 0.232072 -0.395735 0.538654 0.704186 -0.202947 -0.717341 -0.368463 0.157931 0.0408451 -1.17613 -0.512043 1.15314 
0.1025 0.6575 -0.6375 0 0.005 0 0.230817 -0.399865 0.545682 0.684952 -0.203433 -0.698028 -0.369251 0.162246 0.04022 -1.17211 -0.515471 1.14793 
0.103945 0.657461 -0.633086 0 0.000546875 0 0.229531 -0.403978 0.552688 0.665714 -0.203972 -0.678719 -0.370019 0.166583 0.0395559 -1.16817 -0.518883 1.1428 
0.105391 0.657422 -0.628672 0 -0.00390625 0 0.228215 -0.408075 0.559672 0.646475 -0.204563 -0.659422 -0.370768 0.170943 0.0388529 -1.16431 -0.52228 1.13773 
0.106836 0.657383 -0.624258 0 -0.00835938 0 0.226869 -0.412156 0.566635 0.627244 -0.205208 -0.640142 -0.371497 0.175325 0.038111 -1.16052 -0.52566 1.13273 
0.108281 0.657344 -0.619844 0 -0.0128125 0 0.225491 -0.41622 0.573575 0.608026 -0.205907 -0.620886 -0.372208 0.17973 0.0373303 -1.15679 -0.529025 1.12781 
0.109727 0.657305 -0.61543 0 -0.0172656 0 0.224083 -0.420267 0.580494 0.588828 -0.206661 -0.601661 -0.372899 0.184156 0.0365106 -1.15314 -0.532373 1.12294 
0.111172 0.657266 -0.611016 0 -0.0217188 0 0.222644 -0.424296 0.58739 0.569657 -0.207469 -0.582473 -0.373571 0.188604 0.0356522 -1.14955 -0.535704 1.11815 
0.112617 0.657227 -0.606602 0 -0.0261719 0 0.221173 -0.428308 0.594265 0.550518 -0.208333 -0.56333 -0.374224 0.193074 0.034755 -1.14603 -0.539018 1.11341 
0.114062 0.657188 -0.602188 0 -0.030625 0 0.21967 -0.432302 0.601118 0.531419 -0.209254 -0.544237 -0.374859 0.197564 0.0338191 -1.14258 -0.542315 1.10874 
0.115508 0.657148 -0.597773 0 -0.0350781 0 0.218136 -0.436278 0.607948 0.512366 -0.21023 -0.525201 -0.375475 0.202076 0.0328444 -1.13919 -0.545595 1.10414 
0.116953 0.657109 -0.593359 0 -0.0395313 0 0.216569 -0.440236 0.614757 0.493365 -0.211264 -0.506228 -0.376072 0.206608 0.0318311 -1.13586 -0.548856 1.09959 
0.118398 0.65707 -0.588945 0 -0.0439844 0 0.21497 -0.444176 0.621543 0.474422 -0.212356 -0.487326 -0.376651 0.21116 0.0307792 -1.1326 -0.5521 1.09511 
0.119844 0.657031 -0.584531 0 -0.0484375 0 0.213339 -0.448096 0.628308 0.455545 -0.213506 -0.468501 -0.377212 0.215732 0.0296886 -1.12939 -0.555326 1.09068 
0.121289 0.656992 -0.580117 0 -0.0528906 0 0.211675 -0.451998 0.63505 0.436738 -0.214714 -0.449758 -0.377754 0.220324 0.0285596 -1.12625 -0.558534 1.08631 
0.122734 0.656953 -0.575703 0 -0.0573438 0 0.209977 -0.455879 0.641769 0.418009 -0.215981 -0.431105 -0.378278 0.224936 0.027392 -1.12316 -0.561723 1.082 
0.12418 0.656914 -0.571289 0 -0.0617969 0 0.208247 -0.459741 0.648467 0.399362 -0.217307 -0.412546 -0.378785 0.229566 0.026186 -1.12013 -0.564893 1.07775 
0.125625 0.656875 -0.566875 0 -0.06625 0 0.206483 -0.463583 0.655142 0.380805 -0.218693 -0.394089 -0.379273 0.234216 0.0249415 -1.11715 -0.568045 1.07355 
0.12707 0.656836 -0.562461 0 -0.0707031 0 0.204685 -0.467405 0.661795 0.362342 -0.220139 -0.375739 -0.379744 0.238884 0.0236587 -1.11423 -0.571177 1.0694 
0.128516 0.656797 -0.558047 0 -0.0751563 0 0.202853 -0.471205 0.668425 0.34398 -0.221646 -0.357502 -0.380198 0.243571 0.0223375 -1.11137 -0.57429 1.06531 
0.129961 0.656758 -0.553633 0 -0.0796094 0 0.200988 -0.474985 0.675032 0.325723 -0.223214 -0.339384 -0.380633 0.248276 0.0209781 -1.10855 -0.577384 1.06128 
0.131406 0.656719 -0.549219 0 -0.0840625 0 0.199088 -0.478742 0.681617 0.307577 -0.224842 -0.321389 -0.381052 0.252999 0.0195804 -1.10579 -0.580458 1.05729 
0.132852 0.65668 -0.544805 0 -0.0885156 0 0.197153 -0.482478 0.688179 0.289548 -0.226533 -0.303523 -0.381453 0.25774 0.0181446 -1.10308 -0.583512 1.05336 
0.134297 0.656641 -0.540391 0 -0.0929688 0 0.195184 -0.486191 0.694717 0.271639 -0.228285 -0.285792 -0.381837 0.262498 0.0166706 -1.10043 -0.586546 1.04948 
0.135742 0.656602 -0.535977 0 -0.0974219 0 0.19318 -0.489882 0.701233 0.253856 -0.2301 -0.268199 -0.382204 0.267273 0.0151586 -1.09782 -0.58956 1.04565 
0.137187 0.656562 -0.531563 0 -0.101875 0 0.19114 -0.493549 0.707726 0.236203 -0.231977 -0.250751 -0.382553 0.272065 0.0136085 -1.09525 -0.592554 1.04187 
0.138633 0.656523 -0.527148 0 -0.106328 0 0.189066 -0.497193 0.714196 0.218685 -0.233917 -0.23345 -0.382886 0.276873 0.0120204 -1.09274 -0.595528 1.03814 
0.140078 0.656484 -0.522734 0 -0.110781 0 0.186955 -0.500812 0.720642 0.201306 -0.23592 -0.216303 -0.383203 0.281699 0.0103944 -1.09027 -0.598481 1.03445 
0.141523 0.656445 -0.51832 0 -0.115234 0 0.18481 -0.504407 0.727065 0.184069 -0.237987 -0.199312 -0.383503 0.28654 0.00873049 -1.08785 -0.601413 1.03082 
0.142969 0.656406 -0.513906 0 -0.119688 0 0.182628 -0.507976 0.733464 0.166979 -0.240117 -0.182481 -0.383786 0.291397 0.00702878 -1.08548 -0.604325 1.02723 
0.144414 0.656367 -0.509492 0 -0.124141 0 0.18041 -0.51152 0.739839 0.150039 -0.242312 -0.165815 -0.384053 0.29627 0.0052893 -1.08315 -0.607215 1.02369 
0.145859 0.656328 -0.505078 0 -0.128594 0 0.178156 -0.515038 0.746191 0.133252 -0.24457 -0.149318 -0.384303 0.301158 0.00351211 -1.08086 -0.610085 1.0202 
0.147305 0.656289 -0.500664 0 -0.133047 0 0.175865 -0.518529 0.752518 0.116622 -0.246893 -0.132991 -0.384537 0.306062 0.00169725 -1.07862 -0.612933 1.01675 
0.14875 0.65625 -0.49625 0 -0.1375 0 0.173538 -0.521992 0.758822 0.100151 -0.24928 -0.116839 -0.384756 0.31098 -0.000155216 -1.07642 -0.61576 1.01334 
0.150195 0.656211 -0.491836 0 -0.141953 0 0.171174 -0.525428 0.765101 0.0838424 -0.251733 -0.100864 -0.384958 0.315913 -0.00204524 -1.07426 -0.618565 1.00998 
0.151641 0.656172 -0.487422 0 -0.146406 0 0.168772 -0.528836 0.771355 0.0676987 -0.25425 -0.0850698 -0.385144 0.320861 -0.00397275 -1.07214 -0.621349 1.00667 
0.153086 0.656133 -0.483008 0 -0.150859 0 0.166334 -0.532214 0.777585 0.051722 -0.256833 -0.069458 -0.385315 0.325823 -0.00593771 -1.07007 -0.624111 1.0034 
0.154531 0.656094 -0.478594 0 -0.155313 0 0.163859 -0.535563 0.783791 0.0359146 -0.259481 -0.0540312 -0.38547 0.330799 -0.00794005 -1.06803 -0.626852 1.00017 
0.155977 0.656055 -0.47418 0 -0.159766 0 0.161346 -0.538881 0.789971 0.0202784 -0.262195 -0.0387918 -0.385609 0.335788 -0.00997973 -1.06603 -0.62957 0.996986 
0.157422 0.656016 -0.469766 0 -0.164219 0 0.158795 -0.542169 0.796126 0.00481529 -0.264975 -0.0237415 -0.385733 0.340792 -0.0120567 -1.06407 -0.632267 0.993844 
0.160312 0.655938 -0.460938 0 -0.173125 0 0.153581 -0.548648 0.80836 -0.0255857 -0.270733 0.00578389 -0.385935 0.350838 -0.0163222 -1.06027 -0.637593 0.987685 
0.163203 0.655859 -0.452109 0 -0.182031 0 0.148215 -0.554996 0.820492 -0.0552777 -0.276757 0.0345324 -0.386077 0.360937 -0.0207361 -1.05661 -0.64283 0.981692 
0.166094 0.655781 -0.443281 0 -0.190938 0 0.142696 -0.561205 0.832519 -0.0842524 -0.283048 0.0624938 -0.386159 0.371085 -0.025298 -1.0531 -0.647978 0.97586 
0.168984 0.655703 -0.434453 0 -0.199844 0 0.137023 -0.56727 0.844439 -0.112504 -0.289608 0.0896603 -0.386181 0.381282 -0.0300074 -1.04973 -0.653035 0.970188 
0.171875 0.655625 -0.425625 0 -0.20875 0 0.131195 -0.573185 0.856252 -0.14003 -0.296437 0.116026 -0.386146 0.391525 -0.0348639 -1.04649 -0.658 0.964672 
0.174766 0.655547 -0.416797 0 -0.217656 0 0.125213 -0.578941 0.867955 -0.166827 -0.303538 0.141588 -0.386053 0.401814 -0.0398671 -1.04339 -0.662874 0.95931 
0.177656 0.655469 -0.407969 0 -0.226562 0 0.119075 -0.584533 0.879546 -0.192898 -0.31091 0.166344 -0.385904 0.412146 -0.0450165 -1.04041 -0.667655 0.954101 
0.180547 0.655391 -0.399141 0 -0.235469 0 0.11278 -0.589952 0.891022 -0.218244 -0.318556 0.190293 -0.385699 0.422521 -0.0503117 -1.03756 -0.672344 0.949041 
0.183438 0.655312 -0.390313 0 -0.244375 0 0.10633 -0.59519 0.902383 -0.242868 -0.326477 0.213436 -0.385439 0.432936 -0.0557524 -1.03483 -0.676939 0.944129 
0.186328 0.655234 -0.381484 0 -0.253281 0 0.0997231 -0.600239 0.913624 -0.266777 -0.334673 0.235776 -0.385124 0.44339 -0.061338 -1.03222 -0.681441 0.939363 
0.189219 0.655156 -0.372656 0 -0.262188 0 0.0929602 -0.605091 0.924744 -0.289976 -0.343146 0.257317 -0.384756 0.453883 -0.0670684 -1.02973 -0.685848 0.93474 
0.192109 0.655078 -0.363828 0 -0.271094 0 0.0860414 -0.609735 0.935741 -0.312472 -0.351897 0.278061 -0.384335 0.464412 -0.072943 -1.02735 -0.690161 0.93026 
0.195 0.655 -0.355 0 -0.28 0 0.0789671 -0.614163 0.94661 -0.334275 -0.360928 0.298015 -0.383862 0.474976 -0.0789615 -1.02508 -0.694379 0.92592 
0.197891 0.654922 -0.346172 0 -0.288906 0 0.0717378 -0.618363 0.95735 -0.355392 -0.370238 0.317183 -0.383338 0.485575 -0.0851237 -1.02292 -0.698501 0.92172 
0.200781 0.654844 -0.337344 0 -0.297813 0 0.0643546 -0.622327 0.967958 -0.375835 -0.379828 0.335571 -0.382763 0.496207 -0.0914292 -1.02087 -0.702529 0.917657 
0.203672 0.654766 -0.328516 0 -0.306719 0 0.0568183 -0.626043 0.978429 -0.395613 -0.389701 0.353187 -0.382138 0.50687 -0.0978778 -1.01892 -0.70646 0.913731 
0.206563 0.654688 -0.319688 0 -0.315625 0 0.0491301 -0.629499 0.988762 -0.414738 -0.399857 0.370037 -0.381464 0.517565 -0.104469 -1.01706 -0.710296 0.90994 
0.209453 0.654609 -0.310859 0 -0.324531 0 0.0412916 -0.632684 0.998952 -0.433221 -0.410295 0.386127 -0.380741 0.528289 -0.111203 -1.01531 -0.714036 0.906284 
0.212344 0.654531 -0.302031 0 -0.333438 0 0.0333043 -0.635586 1.009 -0.451074 -0.421018 0.401465 -0.37997 0.539043 -0.11808 -1.01366 -0.71768 0.90276 
0.215234 0.654453 -0.293203 0 -0.342344 0 0.0251702 -0.638192 1.01889 -0.468308 -0.432025 0.416058 -0.379152 0.549825 -0.125099 -1.0121 -0.721227 0.899369 
0.218125 0.654375 -0.284375 0 -0.35125 0 0.0168913 -0.640488 1.02863 -0.484938 -0.443318 0.429914 -0.378288 0.560634 -0.132259 -1.01064 -0.724677 0.896109 
0.221016 0.654297 -0.275547 0 -0.360156 0 0.00847 -0.642463 1.03821 -0.500975 -0.454895 0.443039 -0.377377 0.571469 -0.139562 -1.00927 -0.728031 0.89298 
0.223906 0.654219 -0.266719 0 -0.369062 0 -9.11345e-05 -0.6441 1.04763 -0.516433 -0.466758 0.45544 -0.376422 0.58233 -0.147008 -1.00798 -0.731289 0.889981 
0.226797 0.654141 -0.257891 0 -0.377969 0 -0.00878927 -0.645388 1.05688 -0.531325 -0.478906 0.467126 -0.375421 0.593216 -0.154595 -1.00679 -0.734449 0.887111 
0.229687 0.654062 -0.249063 0 -0.386875 0 -0.0176213 -0.64631 1.06596 -0.545665 -0.491339 0.478103 -0.374377 0.604127 -0.162324 -1.00569 -0.737513 0.88437 
0.232578 0.653984 -0.240234 0 -0.395781 0 -0.026584 -0.646852 1.07486 -0.559467 -0.504057 0.488378 -0.373289 0.615062 -0.170196 -1.00467 -0.74048 0.881757 
0.235469 0.653906 -0.231406 0 -0.404687 0 -0.0356737 -0.646999 1.08358 -0.572745 -0.517058 0.497958 -0.372158 0.626021 -0.17821 -1.00374 -0.74335 0.879272 
0.238359 0.653828 -0.222578 0 -0.413594 0 -0.0448866 -0.646735 1.09211 -0.585513 -0.530342 0.50685 -0.370986 0.637002 -0.186367 -1.00289 -0.746124 0.876915 
0.24125 0.65375 -0.21375 0 -0.4225 0 -0.0542187 -0.646045 1.10045 -0.597788 -0.543907 0.515062 -0.369771 0.648007 -0.194667 -1.00213 -0.7488 0.874685 
0.244141 0.653672 -0.204922 0 -0.431406 0 -0.0636656 -0.644914 1.10859 -0.609583 -0.557752 0.522601 -0.368516 0.659034 -0.20311 -1.00145 -0.75138 0.872582 
0.247031 0.653594 -0.196094 0 -0.440312 0 -0.0732228 -0.643325 1.11653 -0.620914 -0.571873 0.529472 -0.36722 0.670083 -0.211697 -1.00085 -0.753862 0.870606 
0.249922 0.653516 -0.187266 0 -0.449219 0 -0.0828855 -0.641262 1.12425 -0.631798 -0.58627 0.535684 -0.365884 0.681154 -0.220428 -1.00033 -0.756248 0.868758 
0.252812 0.653438 -0.178438 0 -0.458125 0 -0.0926488 -0.638712 1.13176 -0.64225 -0.600938 0.541244 -0.36451 0.692248 -0.229304 -0.999897 -0.758538 0.867036 
0.255703 0.653359 -0.169609 0 -0.467031 0 -0.102507 -0.635657 1.13905 -0.652288 -0.615873 0.546159 -0.363096 0.703363 -0.238326 -0.999542 -0.76073 0.865442 
0.258594 0.653281 -0.160781 0 -0.475938 0 -0.112456 -0.632083 1.1461 -0.661928 -0.631072 0.550436 -0.361644 0.714501 -0.247494 -0.999266 -0.762826 0.863976 
0.261484 0.653203 -0.151953 0 -0.484844 0 -0.122488 -0.627976 1.15292 -0.671188 -0.646529 0.554084 -0.360155 0.725661 -0.256809 -0.99907 -0.764825 0.862637 
0.264375 0.653125 -0.143125 0 -0.49375 0 -0.132599 -0.623321 1.1595 -0.680086 -0.66224 0.55711 -0.358628 0.736844 -0.266272 -0.998953 -0.766728 0.861427 
0.267266 0.653047 -0.134297 0 -0.502656 0 -0.142782 -0.618105 1.16583 -0.688641 -0.678196 0.559523 -0.357065 0.74805 -0.275884 -0.998917 -0.768534 0.860345 
0.270156 0.652969 -0.125469 0 -0.511562 0 -0.153032 -0.612317 1.17189 -0.696871 -0.694392 0.561332 -0.355466 0.759279 -0.285647 -0.998959 -0.770244 0.859393 
0.273047 0.652891 -0.116641 0 -0.520469 0 -0.163341 -0.605944 1.1777 -0.704796 -0.710818 0.562546 -0.353832 0.770532 -0.295561 -0.999082 -0.771857 0.858571 
0.275937 0.652813 -0.107813 0 -0.529375 0 -0.173703 -0.597379 1.18323 -0.711265 -0.728676 0.561606 -0.352162 0.781809 -0.305628 -0.999284 -0.773373 0.857879 
0.278828 0.652734 -0.0989844 0 -0.538281 0 -0.184112 -0.579241 1.18848 -0.711226 -0.753507 0.551508 -0.350458 0.793111 -0.31585 -0.999566 -0.774794 0.85732 
0.281719 0.652656 -0.0901563 0 -0.547187 0 -0.194561 -0.560979 1.19345 -0.711817 -0.778118 0.541659 -0.34872 0.804439 -0.326227 -0.999929 -0.776117 0.856893 
0.284609 0.652578 -0.0813281 0 -0.556094 0 -0.205044 -0.542616 1.19812 -0.713006 -0.802476 0.532032 -0.346949 0.815794 -0.336763 -1.00037 -0.777345 0.8566 
0.2875 0.6525 -0.0725 0 -0.565 0 -0.215553 -0.524174 1.2025 -0.714762 -0.826547 0.522607 -0.345145 0.827176 -0.347459 -1.0009 -0.778475 0.856442 
0.290391 0.652422 -0.0636719 0 -0.573906 0 -0.226081 -0.505679 1.20656 -0.717061 -0.850297 0.513369 -0.343308 0.838587 -0.358317 -1.00151 -0.779509 0.856421 
0.293281 0.652344 -0.0548438 0 -0.582812 0 -0.236622 -0.487158 1.21032 -0.719879 -0.873691 0.504306 -0.341439 0.850028 -0.36934 -1.0022 -0.780447 0.856539 
0.296172 0.652266 -0.0460156 0 -0.591719 0 -0.247168 -0.46864 1.21375 -0.723195 -0.896694 0.495415 -0.339539 0.861501 -0.38053 -1.00298 -0.781288 0.856796 
0.299063 0.652188 -0.0371875 0 -0.600625 0 -0.257713 -0.450155 1.21686 -0.72699 -0.919271 0.486694 -0.337607 0.873006 -0.39189 -1.00385 -0.782032 0.857195 
0.301953 0.652109 -0.0283594 0 -0.609531 0 -0.26825 -0.431734 1.21964 -0.731247 -0.941388 0.478144 -0.335645 0.884546 -0.403423 -1.0048 -0.782679 0.857737 
0.304844 0.652031 -0.0195313 0 -0.618437 0 -0.278772 -0.413409 1.22208 -0.735949 -0.963012 0.469772 -0.333653 0.896122 -0.415132 -1.00584 -0.783229 0.858426 
0.307734 0.651953 -0.0107031 0 -0.627344 0 -0.289271 -0.395213 1.22419 -0.741078 -0.984109 0.461587 -0.331631 0.907737 -0.427022 -1.00697 -0.783681 0.859263 
0.310625 0.651875 -0.001875 0 -0.63625 0 -0.299742 -0.37718 1.22594 -0.746621 -1.00465 0.4536 -0.329579 0.919391 -0.439095 -1.0082 -0.784036 0.860251 
0.313516 0.651797 0.00695312 0 -0.645156 0 -0.310178 -0.359344 1.22735 -0.752559 -1.0246 0.445826 -0.327499 0.931089 -0.451356 -1.00952 -0.784293 0.861393 
0.316406 0.651719 0.0157812 0 -0.654062 0 -0.320572 -0.341738 1.22841 -0.758879 -1.04393 0.438281 -0.325391 0.942831 -0.46381 -1.01094 -0.784452 0.862693 
0.319297 0.651641 0.0246094 0 -0.662969 0 -0.330918 -0.324396 1.22911 -0.765563 -1.06263 0.430983 -0.323254 0.954622 -0.476462 -1.01245 -0.784512 0.864153 
0.322187 0.651563 0.0334375 0 -0.671875 0 -0.34121 -0.307351 1.22946 -0.772597 -1.08065 0.423952 -0.32109 0.966463 -0.489316 -1.01408 -0.784473 0.865778 
0.325078 0.651484 0.0422656 0 -0.680781 0 -0.351441 -0.290634 1.22945 -0.779963 -1.098 0.41721 -0.318899 0.978358 -0.50238 -1.0158 -0.784334 0.867571 
0.327969 0.651406 0.0510937 0 -0.689688 0 -0.361606 -0.274275 1.22908 -0.787645 -1.11463 0.410778 -0.316681 0.990312 -0.515658 -1.01764 -0.784095 0.869537 
0.330859 0.651328 0.0599219 0 -0.698594 0 -0.371699 -0.258305 1.22835 -0.795625 -1.13055 0.404679 -0.314437 1.00233 -0.529159 -1.01959 -0.783755 0.87168 
0.33375 0.65125 0.06875 0 -0.7075 0 -0.381715 -0.242749 1.22727 -0.803888 -1.14574 0.398937 -0.312167 1.01441 -0.542889 -1.02166 -0.783313 0.874007 
0.336641 0.651172 0.0775781 0 -0.716406 0 -0.391648 -0.227635 1.22583 -0.812415 -1.1602 0.393574 -0.309872 1.02656 -0.556857 -1.02385 -0.782769 0.876523 
0.339531 0.651094 0.0864062 0 -0.725313 0 -0.401493 -0.212985 1.22404 -0.82119 -1.17391 0.388615 -0.307552 1.03878 -0.571073 -1.02617 -0.782121 0.879235 
0.342422 0.651016 0.0952344 0 -0.734219 0 -0.411246 -0.198821 1.2219 -0.830194 -1.18687 0.384081 -0.305207 1.05109 -0.585545 -1.02862 -0.781369 0.882149 
0.345313 0.650938 0.104062 0 -0.743125 0 -0.420901 -0.185162 1.21941 -0.839411 -1.1991 0.379994 -0.302837 1.06348 -0.600284 -1.03121 -0.780511 0.885272 
0.348203 0.650859 0.112891 0 -0.752031 0 -0.430455 -0.172023 1.21658 -0.848824 -1.21059 0.376377 -0.300444 1.07597 -0.615304 -1.03395 -0.779545 0.888615 
0.351094 0.650781 0.121719 0 -0.760938 0 -0.439903 -0.15942 1.21341 -0.858416 -1.22135 0.373248 -0.298027 1.08856 -0.630616 -1.03684 -0.778471 0.892185 
0.353984 0.650703 0.130547 0 -0.769844 0 -0.449242 -0.147363 1.20991 -0.86817 -1.2314 0.370626 -0.295587 1.10125 -0.646236 -1.03989 -0.777287 0.895993 
0.356875 0.650625 0.139375 0 -0.77875 0 -0.458468 -0.135863 1.20608 -0.878071 -1.24074 0.36853 -0.293124 1.11407 -0.662179 -1.04311 -0.77599 0.900052 
0.359766 0.650547 0.148203 0 -0.787656 0 -0.467577 -0.124926 1.20194 -0.888103 -1.2494 0.366973 -0.290639 1.12701 -0.678464 -1.04652 -0.774579 0.904373 
0.362656 0.650469 0.157031 0 -0.796563 0 -0.476567 -0.114556 1.19747 -0.898252 -1.25739 0.365971 -0.288132 1.14009 -0.69511 -1.05011 -0.77305 0.908971 
0.365547 0.650391 0.165859 0 -0.805469 0 -0.485434 -0.104756 1.1927 -0.908505 -1.26474 0.365535 -0.285604 1.15332 -0.712141 -1.05391 -0.771401 0.913862 
0.368437 0.650313 0.174687 0 -0.814375 0 -0.494176 -0.0955275 1.18762 -0.918847 -1.27146 0.365677 -0.283054 1.16671 -0.729582 -1.05793 -0.76963 0.919064 
0.371328 0.650234 0.183516 0 -0.823281 0 -0.502791 -0.0865097 1.18225 -0.929181 -1.2778 0.366105 -0.280483 1.18029 -0.747461 -1.06218 -0.767731 0.924599 
0.374219 0.650156 0.192344 0 -0.832188 0 -0.511275 -0.0671563 1.17659 -0.937017 -1.29 0.357963 -0.277891 1.19406 -0.765811 -1.06669 -0.765702 0.930488 
0.377109 0.650078 0.201172 0 -0.841094 0 -0.519629 -0.0479188 1.17065 -0.944935 -1.30175 0.349962 -0.27528 1.20805 -0.784671 -1.07147 -0.763537 0.936761 
0.38 0.65 0.21 0 -0.85 0 -0.527848 -0.0288182 1.16444 -0.952929 -1.31305 0.342119 -0.272648 1.22228 -0.804083 -1.07655 -0.761231 0.943446 

